 CHECK_DIAG: Test failed, maximum error:  1.52979847012346681E-007  4.99999999999999977E-008
 CHECK_DIAG: Details:
 -------------------------
  A :
 0.721353237540861E+02-0.473062803510181E+01-0.206365910630167E+01
-0.473062803510181E+01 0.189998382955876E+02-0.235111798567884E+02
-0.206365910630167E+01-0.235111798567884E+02 0.621731734727715E+02
 -------------------------
 EIGENVALUES: 
   72.555973147250       72.500838786180       8.2515235890154    
 ---------------------------------
 EIGENVECTORS: 
  0.96287717325782     -0.17520301847363      0.20535688821355    
  0.25764886146056      0.36955147039406     -0.89277588168457    
  0.80527089296732E-01  0.91254348575051      0.40097353342049    
 ---------------------------------
  U x U^T (should be I):
 ---------------------------------
 0.999999998703501E+00-0.811844733501982E-09 0.210798689979157E-08
-0.811844733501982E-09 0.100000000033837E+01-0.607023424418780E-09
 0.210798689979157E-08-0.607023424418780E-09 0.100000000095813E+01
  A - U x M x U^T (should be 0):
 ---------------------------------
 0.940279676342470E-07 0.588533817236225E-07-0.152979842127365E-06
 0.588533817236225E-07-0.245362699047291E-07 0.440344649632607E-07
-0.152979847012347E-06 0.440344614105470E-07-0.694917048349453E-07
 =================================
 RMSBestFitERRTOL:=   2.50000000000000008E-014
 RMSBestFit> RR matrix:
 0.81197764342381617552746E+01 0.51689605059469379000348E+01-0.75647799197577758611999E+00
 0.51689605059469379000348E+01 0.95069495318772681002883E+01-0.79899334818689444759343E+01
-0.75647799197577758611999E+00-0.79899334818689444759343E+01 0.99561863570464552708472E+01
 RMSBestFit> E-VALUES:
 0.193391281087774E+02 0.797646976522984E+01 0.267314449154681E+00
 RMSBestFit> E-VECTORS:
-0.362112381614883E+00-0.695078362626158E+00 0.621080262840590E+00
-0.833184132412996E+00-0.573943239802984E-01-0.550009175441690E+00
 0.417945958918615E+00-0.716639352382901E+00-0.558345067176039E+00
 RMSBestFit> U x U^T (should be I):
 0.100000000000000E+01-0.265954792910694E-15 0.276268266076463E-15
-0.265954792910694E-15 0.100000000000000E+01-0.188976438664223E-15
 0.276268266076463E-15-0.188976438664223E-15 0.100000000000000E+01
 RMSBestFit> RR - U x M x U^T (should be 0):
-0.177635683940025E-14-0.621724893790088E-14-0.122124532708767E-14
-0.621724893790088E-14 0.177635683940025E-14-0.355271367880050E-14
-0.999200722162641E-15-0.177635683940025E-14-0.532907051820075E-14
 RMSBestFit> ROTATION MATRIX:
 0.999566619112455E+00-0.153516951038879E-01-0.251177111523744E-01
 0.156065598777285E-01 0.999828378432172E+00 0.998243309399507E-02
 0.249601531421530E-01-0.103701079613722E-01 0.999634659070998E+00
 RMSBestFitERRTOL:=   2.50000000000000008E-014
 RMSBestFit> RR matrix:
 0.80950400723444388972894E+01 0.53431359145269370358733E+01-0.82750517661202538377552E+00
 0.53431359145269370358733E+01 0.91852883101827238476744E+01-0.77694283663712164766935E+01
-0.82750517661202538377552E+00-0.77694283663712164766935E+01 0.10095286069447178434189E+02
 RMSBestFit> E-VALUES:
 0.191684030915370E+02 0.797031787652485E+01 0.236893483912465E+00
 RMSBestFit> E-VECTORS:
-0.377519385009750E+00-0.686070045706677E+00 0.621922025921175E+00
-0.816844509968505E+00-0.696192483749739E-01-0.572641429508918E+00
 0.436169875709193E+00-0.724196832801512E+00-0.534129934457979E+00
 RMSBestFit> U x U^T (should be I):
 0.100000000000000E+01-0.260642202265515E-15 0.219334099493818E-15
-0.260642202265515E-15 0.100000000000000E+01-0.103459992309429E-15
 0.219334099493818E-15-0.103459992309429E-15 0.100000000000000E+01
 RMSBestFit> RR - U x M x U^T (should be 0):
 0.000000000000000E+00-0.532907051820075E-14-0.555111512312578E-15
-0.532907051820075E-14-0.177635683940025E-14-0.888178419700125E-15
-0.166533453693773E-14-0.888178419700125E-15-0.355271367880050E-14
 RMSBestFit> ROTATION MATRIX:
 0.998211198003553E+00-0.276483382536928E-01-0.530091838469634E-01
 0.290119868934430E-01 0.999263120156561E+00 0.251300877728013E-01
 0.522753172807827E-01-0.266230367686227E-01 0.998277769519291E+00
 RMSBestFitERRTOL:=   2.50000000000000008E-014
 RMSBestFit> RR matrix:
 0.80609273828262022476565E+01 0.55745871410988012684129E+01-0.10441950748649513336375E+01
 0.55745871410988012684129E+01 0.87875823333777667301092E+01-0.75281322849880938363754E+01
-0.10441950748649513336375E+01-0.75281322849880938363754E+01 0.10284706770181792023777E+02
 RMSBestFit> E-VALUES:
 0.190760763534651E+02 0.785598342135384E+01 0.201156711566788E+00
 RMSBestFit> E-VECTORS:
-0.399365823507591E+00-0.672394033719270E+00 0.623212004403665E+00
-0.795928711371395E+00-0.830637777775166E-01-0.599664819074787E+00
 0.454977390019299E+00-0.735517961874526E+00-0.502004882776223E+00
 RMSBestFit> U x U^T (should be I):
 0.100000000000000E+01-0.107200489804504E-15 0.235813972515597E-17
-0.107200489804504E-15 0.100000000000000E+01-0.250965697876082E-15
 0.235813972515597E-17-0.250965697876082E-15 0.100000000000000E+01
 RMSBestFit> RR - U x M x U^T (should be 0):
-0.355271367880050E-14-0.266453525910038E-14-0.133226762955019E-14
-0.266453525910038E-14 0.532907051820075E-14-0.266453525910038E-14
-0.199840144432528E-14-0.266453525910038E-14-0.177635683940025E-14
 RMSBestFit> ROTATION MATRIX:
 0.995937364575294E+00-0.354870447095836E-01-0.827613164503652E-01
 0.394445245494460E-01 0.998130653772749E+00 0.466832676903922E-01
 0.809499556879782E-01-0.497580913718035E-01 0.995475382426482E+00
 RMSBestFitERRTOL:=   2.50000000000000008E-014
 RMSBestFit> RR matrix:
 0.80069000780344801171395E+01 0.58097829964789164947092E+01-0.13515963081040538451560E+01
 0.58097829964789164947092E+01 0.84228193713006973553092E+01-0.72968860341394901070089E+01
-0.13515963081040538451560E+01-0.72968860341394901070089E+01 0.10412440594403776117360E+02
 RMSBestFit> E-VALUES:
 0.190493803956013E+02 0.763005605564286E+01 0.162723592494778E+00
 RMSBestFit> E-VECTORS:
-0.422705546547035E+00-0.658591087814757E+00 0.622557467202304E+00
-0.773654696659647E+00-0.955360117548387E-01-0.626363537248497E+00
 0.471994100868688E+00-0.746411849791357E+00-0.469138486202319E+00
 RMSBestFit> U x U^T (should be I):
 0.100000000000000E+01-0.167455025540386E-15 0.119601052152307E-15
-0.167455025540386E-15 0.100000000000000E+01-0.166072667770467E-15
 0.119601052152307E-15-0.166072667770467E-15 0.100000000000000E+01
 RMSBestFit> RR - U x M x U^T (should be 0):
-0.355271367880050E-14-0.355271367880050E-14-0.111022302462516E-14
-0.355271367880050E-14 0.177635683940025E-14-0.888178419700125E-15
-0.444089209850063E-15-0.888178419700125E-15-0.355271367880050E-14
 RMSBestFit> ROTATION MATRIX:
 0.993256148270136E+00-0.394450001408546E-01-0.109024382077872E+00
 0.471113857004087E-01 0.996527100238172E+00 0.686604385966664E-01
 0.105937440317204E+00-0.733336924938827E-01 0.991664977844964E+00
 RMSBestFitERRTOL:=   2.50000000000000008E-014
 RMSBestFit> RR matrix:
 0.78921900470821428896784E+01 0.59791126593067405181614E+01-0.16375406458534889075906E+01
 0.59791126593067405181614E+01 0.82841407189142408640237E+01-0.71803268282270353850549E+01
-0.16375406458534889075906E+01-0.71803268282270353850549E+01 0.10316149380354588060982E+02
 RMSBestFit> E-VALUES:
 0.190851715141189E+02 0.728384626329167E+01 0.123462368940389E+00
 RMSBestFit> E-VECTORS:
-0.439160660362353E+00-0.653174537667437E+00 0.616847580633200E+00
-0.757782016076517E+00-0.995157873048234E-01-0.644874425131057E+00
 0.482601627122321E+00-0.750639481655496E+00-0.451260499134211E+00
 RMSBestFit> U x U^T (should be I):
 0.100000000000000E+01-0.182037544760316E-15-0.222261445359528E-17
-0.182037544760316E-15 0.100000000000000E+01-0.181685179054258E-15
-0.222261445359528E-17-0.181685179054258E-15 0.100000000000000E+01
 RMSBestFit> RR - U x M x U^T (should be 0):
-0.355271367880050E-14-0.266453525910038E-14-0.222044604925031E-15
-0.177635683940025E-14 0.355271367880050E-14-0.444089209850063E-14
-0.133226762955019E-14-0.355271367880050E-14-0.177635683940025E-14
 RMSBestFit> ROTATION MATRIX:
 0.991736623912569E+00-0.402510240490256E-01-0.121812658839322E+00
 0.500181684642881E-01 0.995680909262314E+00 0.782157896722231E-01
 0.118138273281686E+00-0.836623092770943E-01 0.989466505947749E+00
 RMSBestFitERRTOL:=   2.50000000000000008E-014
 RMSBestFit> RR matrix:
 0.77022709596056166958533E+01 0.60213019676145753678043E+01-0.17488061012097226853967E+01
 0.60213019676145753678043E+01 0.86336200483993454923848E+01-0.73315624007955184637808E+01
-0.17488061012097226853967E+01-0.73315624007955184637808E+01 0.98465465512027900985004E+01
 RMSBestFit> E-VALUES:
 0.192318804933026E+02 0.686134688663415E+01 0.892101792710024E-01
 RMSBestFit> E-VECTORS:
-0.439380283805588E+00-0.666363264592790E+00 0.602415940861595E+00
-0.760571570101441E+00-0.808782647611843E-01-0.644196858920198E+00
 0.477991477911846E+00-0.741227836694265E+00-0.471280639484787E+00
 RMSBestFit> U x U^T (should be I):
 0.100000000000000E+01-0.197297690338050E-15-0.544133965316163E-16
-0.197297690338050E-15 0.100000000000000E+01-0.116470418379255E-15
-0.544133965316163E-16-0.116470418379255E-15 0.100000000000000E+01
 RMSBestFit> RR - U x M x U^T (should be 0):
 0.000000000000000E+00-0.355271367880050E-14-0.288657986402541E-14
-0.266453525910038E-14 0.355271367880050E-14-0.355271367880050E-14
-0.333066907387547E-14-0.444089209850063E-14 0.000000000000000E+00
 RMSBestFit> ROTATION MATRIX:
 0.993566114628642E+00-0.369051105870523E-01-0.107071885545659E+00
 0.432539242043263E-01 0.997402817292610E+00 0.575909549989583E-01
 0.104668399733022E+00-0.618517006178743E-01 0.992581932753164E+00
 RMSBestFitERRTOL:=   2.50000000000000008E-014
 RMSBestFit> RR matrix:
 0.75062465760725141095122E+01 0.59268188560150534271997E+01-0.16402184996283482032453E+01
 0.59268188560150534271997E+01 0.94094423010814676189284E+01-0.76364579094507574197337E+01
-0.16402184996283482032453E+01-0.76364579094507574197337E+01 0.91009429751511738970748E+01
 RMSBestFit> E-VALUES:
 0.194278303645257E+02 0.652145324442085E+01 0.673482433585811E-01
 RMSBestFit> E-VECTORS:
-0.425046335580589E+00-0.694214412815298E+00 0.580863117824694E+00
-0.781435967405301E+00-0.424425377008431E-01-0.622540327881539E+00
 0.456829772951430E+00-0.718515817524585E+00-0.524444066142541E+00
 RMSBestFit> U x U^T (should be I):
 0.100000000000000E+01-0.189816695347900E-15-0.349790725898136E-16
-0.189816695347900E-15 0.100000000000000E+01-0.176128642920270E-15
-0.349790725898136E-16-0.176128642920270E-15 0.100000000000000E+01
 RMSBestFit> RR - U x M x U^T (should be 0):
-0.177635683940025E-14-0.888178419700125E-15-0.133226762955019E-14
-0.177635683940025E-14 0.355271367880050E-14-0.444089209850063E-14
-0.155431223447522E-14-0.444089209850063E-14 0.000000000000000E+00
 RMSBestFit> ROTATION MATRIX:
 0.997203123403176E+00-0.288570343021273E-01-0.689434713822560E-01
 0.295682178445680E-01 0.999519340272159E+00 0.931713021287170E-02
 0.686414682859149E-01-0.113296069302210E-01 0.997577059097873E+00
 RMSBestFitERRTOL:=   2.50000000000000008E-014
 RMSBestFit> RR matrix:
 0.73554637877828588088391E+01 0.57475894866657455395398E+01-0.14180609308978815441549E+01
 0.57475894866657455395398E+01 0.10413604971803797738517E+02-0.79049073522306976258278E+01
-0.14180609308978815441549E+01-0.79049073522306976258278E+01 0.82276719701360132575019E+01
 RMSBestFit> E-VALUES:
 0.196344421123866E+02 0.630815643163945E+01 0.541421856966717E-01
 RMSBestFit> E-VECTORS:
-0.404493087150945E+00-0.727374454328796E+00 0.554357056090193E+00
-0.809450910935912E+00 0.262448844951877E-02-0.587181688104628E+00
 0.425646056286347E+00-0.686235757775901E+00-0.589835502083093E+00
 RMSBestFit> U x U^T (should be I):
 0.100000000000000E+01-0.144036258614699E-15 0.981202966099382E-17
-0.144036258614699E-15 0.100000000000000E+01-0.107471540347626E-15
 0.981202966099382E-17-0.107471540347626E-15 0.100000000000000E+01
 RMSBestFit> RR - U x M x U^T (should be 0):
 0.000000000000000E+00-0.355271367880050E-14-0.333066907387547E-14
-0.355271367880050E-14 0.000000000000000E+00-0.266453525910038E-14
-0.355271367880050E-14-0.177635683940025E-14 0.000000000000000E+00
 RMSBestFit> ROTATION MATRIX:
 0.999598608950270E+00-0.179217487843054E-01-0.219415565810103E-01
 0.167732193424991E-01 0.998534460648934E+00-0.514547374828767E-01
 0.228315592453478E-01 0.510660534705356E-01 0.998434263276943E+00
 RMSBestFitERRTOL:=   2.50000000000000008E-014
 RMSBestFit> RR matrix:
 0.72464595738627961551970E+01 0.55135770149933884809457E+01-0.11718940043085710467352E+01
 0.55135770149933884809457E+01 0.11493293443859332825241E+02-0.80432386128556903059916E+01
-0.11718940043085710467352E+01-0.80432386128556903059916E+01 0.73024710795409175645432E+01
 RMSBestFit> E-VALUES:
 0.198155268530013E+02 0.618134304388389E+01 0.453542003778288E-01
 RMSBestFit> E-VECTORS:
-0.382529140518258E+00-0.760517078063058E+00 0.524676310336946E+00
-0.837922541316127E+00 0.462824623638071E-01-0.543823269483632E+00
 0.389303572304039E+00-0.647666355195306E+00-0.654958793314008E+00
 RMSBestFit> U x U^T (should be I):
 0.100000000000000E+01-0.202230810222859E-15 0.244921270764475E-15
-0.202230810222859E-15 0.100000000000000E+01-0.411996825544492E-16
 0.244921270764475E-15-0.411996825544492E-16 0.100000000000000E+01
 RMSBestFit> RR - U x M x U^T (should be 0):
 0.177635683940025E-14-0.621724893790088E-14-0.310862446895044E-14
-0.532907051820075E-14-0.532907051820075E-14 0.000000000000000E+00
-0.310862446895044E-14 0.000000000000000E+00-0.266453525910038E-14
 RMSBestFit> ROTATION MATRIX:
 0.999627555447346E+00-0.479255046101279E-02 0.268659980354645E-01
 0.786596572919205E-02 0.993277720611428E+00-0.115488078692625E+00
-0.261319148458369E-01 0.115656392806647E+00 0.992945477772796E+00
 RMSBestFitERRTOL:=   2.50000000000000008E-014
 RMSBestFit> RR matrix:
 0.71633366973119887433086E+01 0.52483006418882709454010E+01-0.95385915219677785970021E+00
 0.52483006418882709454010E+01 0.12591061170170167571314E+02-0.80343353715189085306747E+01
-0.95385915219677785970021E+00-0.80343353715189085306747E+01 0.63540619056278568876905E+01
 RMSBestFit> E-VALUES:
 0.199778764882397E+02 0.609224106294722E+01 0.383422219230817E-01
 RMSBestFit> E-VECTORS:
-0.361018396924787E+00-0.792001223249362E+00 0.492341121026237E+00
-0.864666812212613E+00 0.865300773359154E-01-0.494837195019048E+00
 0.349309348486317E+00-0.604356358523475E+00-0.716056122781105E+00
 RMSBestFit> U x U^T (should be I):
 0.100000000000000E+01-0.159648769898491E-15 0.443709739089693E-16
-0.159648769898491E-15 0.100000000000000E+01-0.115332006098146E-15
 0.443709739089693E-16-0.115332006098146E-15 0.100000000000000E+01
 RMSBestFit> RR - U x M x U^T (should be 0):
 0.000000000000000E+00-0.355271367880050E-14-0.410782519111308E-14
-0.444089209850063E-14 0.000000000000000E+00 0.000000000000000E+00
-0.366373598126302E-14 0.000000000000000E+00-0.177635683940025E-14
 RMSBestFit> ROTATION MATRIX:
 0.997067491059346E+00 0.108678935169302E-01 0.757516149209030E-01
 0.292378526217551E-02 0.983732200086912E+00-0.179617398911977E+00
-0.764713655714397E-01 0.179312150739062E+00 0.980815621228053E+00
 RMSBestFitERRTOL:=   2.50000000000000008E-014
 RMSBestFit> RR matrix:
 0.70934361262719098917273E+01 0.49688459813466234749058E+01-0.78464983917673380986457E+00
 0.49688459813466234749058E+01 0.13679310171890813663254E+02-0.78765578681805896721357E+01
-0.78464983917673380986457E+00-0.78765578681805896721357E+01 0.54044017999676086105865E+01
 RMSBestFit> E-VALUES:
 0.201278858956620E+02 0.601711198341334E+01 0.321502190549561E-01
 RMSBestFit> E-VECTORS:
-0.340647972320677E+00-0.821346715391729E+00 0.457546207578022E+00
-0.888935611709709E+00 0.122878118663785E+00-0.441241936116610E+00
 0.306190197733527E+00-0.557037288759799E+00-0.771982526837904E+00
 RMSBestFit> U x U^T (should be I):
 0.100000000000000E+01-0.144185336413416E-15-0.176724954115137E-16
-0.144185336413416E-15 0.100000000000000E+01-0.924282352043893E-16
-0.176724954115137E-16-0.924282352043893E-16 0.100000000000000E+01
 RMSBestFit> RR - U x M x U^T (should be 0):
 0.000000000000000E+00-0.355271367880050E-14-0.555111512312578E-14
-0.266453525910038E-14-0.177635683940025E-14 0.000000000000000E+00
-0.599520433297585E-14 0.000000000000000E+00-0.355271367880050E-14
 RMSBestFit> ROTATION MATRIX:
 0.991819952231311E+00 0.293645449413977E-01 0.124221197290421E+00
 0.169645116377853E-02 0.970060663324471E+00-0.242856812801159E+00
-0.127633476836330E+00 0.241080967666203E+00 0.962075705243511E+00
 RMSBestFitERRTOL:=   2.50000000000000008E-014
 RMSBestFit> RR matrix:
 0.70271406486211676067910E+01 0.46902003563838299271538E+01-0.67051025045042045302779E+00
 0.46902003563838299271538E+01 0.14738141379546226161779E+02-0.75720635373430917880455E+01
-0.67051025045042045302779E+00-0.75720635373430917880455E+01 0.44759447316171137032370E+01
 RMSBestFit> E-VALUES:
 0.202693431784636E+02 0.594542213388099E+01 0.264614474398687E-01
 RMSBestFit> E-VECTORS:
-0.321766321899475E+00-0.848366439735587E+00 0.420405539951186E+00
-0.910312791377425E+00 0.155085201183703E+00-0.383769725523590E+00
 0.260378677978679E+00-0.506184713621594E+00-0.822180016632550E+00
 RMSBestFit> U x U^T (should be I):
 0.100000000000000E+01-0.199222149194211E-15 0.923604725686089E-16
-0.199222149194211E-15 0.100000000000000E+01-0.107932326270932E-15
 0.923604725686089E-16-0.107932326270932E-15 0.100000000000000E+01
 RMSBestFit> RR - U x M x U^T (should be 0):
 0.000000000000000E+00-0.532907051820075E-14-0.643929354282591E-14
-0.532907051820075E-14 0.177635683940025E-14 0.000000000000000E+00
-0.621724893790088E-14-0.888178419700125E-15-0.444089209850063E-14
 RMSBestFit> ROTATION MATRIX:
 0.983815316542151E+00 0.507365642771360E-01 0.171852331908586E+00
 0.410573107784668E-02 0.952440573464907E+00-0.304696729536364E+00
-0.179138398757450E+00 0.300470888878094E+00 0.936817313582230E+00
 RMSBestFitERRTOL:=   2.50000000000000008E-014
 RMSBestFit> RR matrix:
 0.69586072492061283867315E+01 0.44232259843821966072142E+01-0.60887579025590710113391E+00
 0.44232259843821966072142E+01 0.15748625968314723166941E+02-0.71270667062818500170351E+01
-0.60887579025590710113391E+00-0.71270667062818500170351E+01 0.35931639027587629620086E+01
 RMSBestFit> E-VALUES:
 0.204030929283944E+02 0.587597489207276E+01 0.213292998124171E-01
 RMSBestFit> E-VECTORS:
-0.304460065172956E+00-0.872947095900541E+00 0.381139654816564E+00
-0.928556078126479E+00 0.182803855896881E+00-0.323057827708297E+00
 0.212338593970222E+00-0.452267750373651E+00-0.866236805661538E+00
 RMSBestFit> U x U^T (should be I):
 0.100000000000000E+01-0.281601185512376E-15 0.169365931869392E-15
-0.281601185512376E-15 0.100000000000000E+01-0.989876583479266E-16
 0.169365931869392E-15-0.989876583479266E-16 0.100000000000000E+01
 RMSBestFit> RR - U x M x U^T (should be 0):
 0.000000000000000E+00-0.710542735760100E-14-0.832667268468867E-14
-0.710542735760100E-14-0.177635683940025E-14 0.177635683940025E-14
-0.832667268468867E-14 0.888178419700125E-15-0.310862446895044E-14
 RMSBestFit> ROTATION MATRIX:
 0.973020119714945E+00 0.748470892367590E-01 0.218242433689461E+00
 0.101848570969303E-01 0.931061639814373E+00-0.364719743847362E+00
-0.230495369402140E+00 0.357102416820378E+00 0.905179401326177E+00
 RMSBestFitERRTOL:=   2.50000000000000008E-014
 RMSBestFit> RR matrix:
 0.68809447028750536645703E+01 0.41803301969187884878920E+01-0.59585892887884617241667E+00
 0.41803301969187884878920E+01 0.16694688762838026718782E+02-0.65489963238494830477521E+01
-0.59585892887884617241667E+00-0.65489963238494830477521E+01 0.27761845791965771290677E+01
 RMSBestFit> E-VALUES:
 0.205308404374252E+02 0.580436656772694E+01 0.166110397574875E-01
 RMSBestFit> E-VECTORS:
-0.288933084120879E+00-0.895004970812790E+00 0.339829038077670E+00
-0.943458149346921E+00 0.205947738401288E+00-0.259754209741205E+00
 0.162494287072745E+00-0.395666060293010E+00-0.903904848643334E+00
 RMSBestFit> U x U^T (should be I):
 0.100000000000000E+01-0.399718235941093E-15 0.142044037122757E-15
-0.399718235941093E-15 0.100000000000000E+01-0.268068987147041E-16
 0.142044037122757E-15-0.268068987147041E-16 0.100000000000000E+01
 RMSBestFit> RR - U x M x U^T (should be 0):
 0.000000000000000E+00-0.799360577730113E-14-0.125455201782643E-13
-0.799360577730113E-14 0.355271367880050E-14 0.177635683940025E-14
-0.124344978758018E-13 0.266453525910038E-14-0.666133814775094E-14
 RMSBestFit> ROTATION MATRIX:
 0.959445488336381E+00 0.101508994793191E+00 0.262983419414684E+00
 0.199482384501331E-01 0.906127664755656E+00-0.422533694451932E+00
-0.281187522293754E+00 0.410644102770924E+00 0.867355174173628E+00
 RMSBestFitERRTOL:=   2.50000000000000008E-014
 RMSBestFit> RR matrix:
 0.67889527408281704623505E+01 0.39715354587923292761786E+01-0.62365319216643511079923E+00
 0.39715354587923292761786E+01 0.17558224569993285513192E+02-0.58476610323569193639059E+01
-0.62365319216643511079923E+00-0.58476610323569193639059E+01 0.20446202137688449518294E+01
 RMSBestFit> E-VALUES:
 0.206508993262692E+02 0.572853899001381E+01 0.123592083072471E-01
 RMSBestFit> E-VECTORS:
-0.275338457149102E+00-0.914441488239228E+00 0.296623496374743E+00
-0.954877332369926E+00 0.224404307285591E+00-0.194555871146999E+00
 0.111346370128737E+00-0.336807766327469E+00-0.934966584643887E+00
 RMSBestFit> U x U^T (should be I):
 0.100000000000000E+01-0.702925537872032E-15 0.230372632862436E-15
-0.702925537872032E-15 0.100000000000000E+01-0.108664162737360E-15
 0.230372632862436E-15-0.108664162737360E-15 0.100000000000000E+01
 RMSBestFit> RR - U x M x U^T (should be 0):
-0.532907051820075E-14-0.266453525910038E-14 0.399680288865056E-14
-0.266453525910038E-14-0.355271367880050E-14 0.000000000000000E+00
 0.444089209850063E-14 0.888178419700125E-15 0.399680288865056E-14
 RMSBestFit> ROTATION MATRIX:
 0.943143912208341E+00 0.130427787823322E+00 0.305725617225411E+00
 0.334531903927782E-01 0.877876105354053E+00-0.477717937386639E+00
-0.330696907933667E+00 0.460784261679925E+00 0.823600278819282E+00
 RMSBestFitERRTOL:=   2.50000000000000008E-014
 RMSBestFit> RR matrix:
 0.66821294537342392771961E+01 0.38006977280835432253525E+01-0.68151039486973974401707E+00
 0.38006977280835432253525E+01 0.18322058525151987851132E+02-0.50381359393542917146647E+01
-0.68151039486973974401707E+00-0.50381359393542917146647E+01 0.14172803680002825643669E+01
 RMSBestFit> E-VALUES:
 0.207603747667337E+02 0.565236910235930E+01 0.872447779349447E-02
 RMSBestFit> E-VECTORS:
-0.263582558649325E+00-0.931186505310806E+00 0.251825191557403E+00
-0.962809277865233E+00 0.237898383319002E+00-0.128072845173492E+00
 0.593508991718117E-01-0.276217399055985E+00-0.959260871309908E+00
 RMSBestFit> U x U^T (should be I):
 0.100000000000000E+01-0.719961064507210E-15 0.174498951529753E-15
-0.719961064507210E-15 0.100000000000000E+01-0.104137618667233E-15
 0.174498951529753E-15-0.104137618667233E-15 0.100000000000000E+01
 RMSBestFit> RR - U x M x U^T (should be 0):
-0.532907051820075E-14-0.177635683940025E-14 0.366373598126302E-14
-0.177635683940025E-14 0.000000000000000E+00-0.266453525910038E-14
 0.388578058618805E-14-0.177635683940025E-14 0.377475828372553E-14
 RMSBestFit> ROTATION MATRIX:
 0.924198670020178E+00 0.161279282405802E+00 0.346187537903378E+00
 0.507389161450734E-01 0.846572322587294E+00-0.529849851389599E+00
-0.378526591828575E+00 0.507251708420805E+00 0.774217878625145E+00
 RMSBestFitERRTOL:=   2.50000000000000008E-014
 RMSBestFit> RR matrix:
 0.65584154327386130489685E+01 0.36732047814090704740408E+01-0.75989732354871897257453E+00
 0.36732047814090704740408E+01 0.18970390067040671766563E+02-0.41362196137357170044879E+01
-0.75989732354871897257453E+00-0.41362196137357170044879E+01 0.90811764587184662378405E+00
 RMSBestFit> E-VALUES:
 0.208564522529070E+02 0.557475889534338E+01 0.571199740077184E-02
 RMSBestFit> E-VECTORS:
-0.253743212894014E+00-0.945159227977132E+00 0.205641473637725E+00
-0.967247044487847E+00 0.246420791344144E+00-0.609093467609899E-01
 0.689469649422452E-02-0.214361440942624E+00-0.976730073150845E+00
 RMSBestFit> U x U^T (should be I):
 0.100000000000000E+01-0.698101473479182E-15 0.153892757505424E-15
-0.698101473479182E-15 0.100000000000000E+01-0.535595873207839E-16
 0.153892757505424E-15-0.535595873207839E-16 0.100000000000000E+01
 RMSBestFit> RR - U x M x U^T (should be 0):
-0.444089209850063E-14-0.310862446895044E-14 0.310862446895044E-14
-0.310862446895044E-14 0.000000000000000E+00-0.888178419700125E-15
 0.310862446895044E-14 0.000000000000000E+00 0.321964677141295E-14
 RMSBestFit> ROTATION MATRIX:
 0.902704113291082E+00 0.193787338057425E+00 0.384150688475211E+00
 0.717741594311896E-01 0.812497385355029E+00-0.578529574723012E+00
-0.424233136241509E+00 0.549813119523224E+00 0.719535808500754E+00
 RMSBestFitERRTOL:=   2.50000000000000008E-014
 RMSBestFit> RR matrix:
 0.64187933739112343900501E+01 0.35907575890509311200560E+01-0.84888984214897178492976E+00
 0.35907575890509311200560E+01 0.19490332689072992877755E+02-0.31613321542029466648671E+01
-0.84888984214897178492976E+00-0.31613321542029466648671E+01 0.52855304404116065786212E+00
 RMSBestFit> E-VALUES:
 0.209367167107070E+02 0.549759739465355E+01 0.336500166484004E-02
 RMSBestFit> E-VECTORS:
-0.245784213156169E+00-0.956301383420946E+00 0.158359668572486E+00
-0.968246236086907E+00 0.249916186257851E+00 0.641296732167530E-02
-0.457093739482444E-01-0.151754946916125E+00-0.987360668256410E+00
 RMSBestFit> U x U^T (should be I):
 0.100000000000000E+01-0.677802117139996E-15 0.127658029546590E-15
-0.677802117139996E-15 0.100000000000000E+01-0.887690528722507E-17
 0.127658029546590E-15-0.887690528722507E-17 0.100000000000000E+01
 RMSBestFit> RR - U x M x U^T (should be 0):
-0.444089209850063E-14-0.222044604925031E-14 0.244249065417534E-14
-0.133226762955019E-14 0.355271367880050E-14-0.888178419700125E-15
 0.233146835171283E-14-0.888178419700125E-15 0.188737914186277E-14
 RMSBestFit> ROTATION MATRIX:
 0.878759815046232E+00 0.227709981201787E+00 0.419439330441238E+00
 0.964622134899430E-01 0.775962535443495E+00-0.623359595223114E+00
-0.467414408024114E+00 0.588243408844659E+00 0.659919285308653E+00
 RMSBestFitERRTOL:=   2.50000000000000008E-014
 RMSBestFit> RR matrix:
 0.62636371056609503327195E+01 0.35533486683102015746272E+01-0.93888994896476973828214E+00
 0.35533486683102015746272E+01 0.19873110042021995269579E+02-0.21343227309220154097602E+01
-0.93888994896476973828214E+00-0.21343227309220154097602E+01 0.28608692331166113431706E+00
 RMSBestFit> E-VALUES:
 0.209997636380899E+02 0.542141050646216E+01 0.165992644255079E-02
 RMSBestFit> E-VECTORS:
-0.239617124092101E+00-0.964587081212419E+00 0.110251515182043E+00
-0.965892037813137E+00 0.248329056036708E+00 0.733842709107541E-01
-0.981641743764793E-01-0.889069327219390E-01-0.991190875756512E+00
 RMSBestFit> U x U^T (should be I):
 0.100000000000000E+01-0.666068593238155E-15 0.825619954347712E-16
-0.666068593238155E-15 0.100000000000000E+01 0.539864919262001E-16
 0.825619954347712E-16 0.539864919262001E-16 0.100000000000000E+01
 RMSBestFit> RR - U x M x U^T (should be 0):
-0.444089209850063E-14-0.310862446895044E-14 0.177635683940025E-14
-0.310862446895044E-14 0.000000000000000E+00 0.444089209850063E-15
 0.188737914186277E-14 0.000000000000000E+00 0.183186799063151E-14
 RMSBestFit> ROTATION MATRIX:
 0.852468458588249E+00 0.262793308633345E+00 0.451926104634058E+00
 0.124698914532423E+00 0.737300131188355E+00-0.663956848947333E+00
-0.507688593358772E+00 0.622356966287977E+00 0.595755066018089E+00
 RMSBestFitERRTOL:=   2.50000000000000008E-014
 RMSBestFit> RR matrix:
 0.60958316490815604993259E+01 0.35599023095217514622846E+01-0.10213686346301176222084E+01
 0.35599023095217514622846E+01 0.20108044016319301050544E+02-0.10779325052800670103892E+01
-0.10213686346301176222084E+01-0.10779325052800670103892E+01 0.18459850610428304995558E+00
 RMSBestFit> E-VALUES:
 0.210400424347634E+02 0.534783712435153E+01 0.594612390178393E-03
 RMSBestFit> E-VECTORS:
-0.235273560447578E+00-0.969971586925679E+00 0.616560808939281E-01
-0.960254005396007E+00 0.241782265919547E+00 0.139476094753672E+00
-0.150195195912669E+00-0.263904612253943E-01-0.988304076021680E+00
 RMSBestFit> U x U^T (should be I):
 0.100000000000000E+01-0.941258162856290E-15 0.445607092891542E-16
-0.941258162856290E-15 0.100000000000000E+01 0.130498978051681E-15
 0.445607092891542E-16 0.130498978051681E-15 0.100000000000000E+01
 RMSBestFit> RR - U x M x U^T (should be 0):
-0.621724893790088E-14-0.577315972805081E-14 0.177635683940025E-14
-0.488498130835069E-14-0.355271367880050E-14 0.444089209850063E-15
 0.177635683940025E-14 0.666133814775094E-15 0.147104550762833E-14
 RMSBestFit> ROTATION MATRIX:
 0.823987865300113E+00 0.298728496621739E+00 0.481461611288251E+00
 0.156298815172169E+00 0.696921703321803E+00-0.699907722356893E+00
-0.544623427896687E+00 0.651967349447158E+00 0.527564116521310E+00
 RMSBestFitERRTOL:=   2.50000000000000008E-014
 RMSBestFit> RR matrix:
 0.59133509777327217804554E+01 0.36067272614031633537479E+01-0.10883177537008155155718E+01
 0.36067272614031633537479E+01 0.20201397350976755262764E+02-0.13102914180172458777363E-01
-0.10883177537008155155718E+01-0.13102914180172458777363E-01 0.22388723633101811905100E+00
 RMSBestFit> E-VALUES:
 0.210635975706852E+02 0.527497252158629E+01 0.654727689841390E-04
 RMSBestFit> E-VECTORS:
-0.232439575574155E+00-0.972527262030790E+00 0.127502279901789E-01
-0.951461419941052E+00 0.230084578799802E+00 0.204407076595393E+00
-0.201725085377758E+00 0.353809441000794E-01-0.978802931505583E+00
 RMSBestFit> U x U^T (should be I):
 0.999999999999999E+00-0.694991380255101E-15 0.129155583797336E-16
-0.694991380255101E-15 0.100000000000000E+01 0.160312843729138E-15
 0.129155583797336E-16 0.160312843729138E-15 0.100000000000000E+01
 RMSBestFit> RR - U x M x U^T (should be 0):
-0.532907051820075E-14-0.266453525910038E-14 0.111022302462516E-14
-0.355271367880050E-14 0.000000000000000E+00 0.716440795578421E-15
 0.888178419700125E-15 0.745931094670027E-15 0.119348975147204E-14
 RMSBestFit> ROTATION MATRIX:
 0.793266453543697E+00 0.335524241732992E+00 0.508086426596604E+00
 0.191078977974595E+00 0.655128965458661E+00-0.730954761112649E+00
-0.578115176983262E+00 0.676926526165555E+00 0.455580201847102E+00
 RMSBestFitERRTOL:=   2.50000000000000008E-014
 RMSBestFit> RR matrix:
 0.57205788119624525478457E+01 0.36914740323981130032394E+01-0.11329251341385466744782E+01
 0.36914740323981130032394E+01 0.20146170611991838228505E+02 0.10371363960079231780753E+01
-0.11329251341385466744782E+01 0.10371363960079231780753E+01 0.40043239194766688804350E+00
 RMSBestFit> E-VALUES:
 0.210627777112143E+02 0.520434981987378E+01 0.542848139089055E-04
 RMSBestFit> E-VECTORS:
-0.231258215669777E+00-0.972221666181059E+00-0.361202089328942E-01
 0.939546798603494E+00-0.213541113897377E+00-0.267678923169891E+00
 0.252530099036047E+00-0.958395768124666E-01 0.962830890965413E+00
 RMSBestFit> U x U^T (should be I):
 0.100000000000000E+01-0.609914543999932E-16-0.796210970419042E-16
-0.609914543999932E-16 0.100000000000000E+01 0.413352078260099E-17
-0.796210970419042E-16 0.413352078260099E-17 0.100000000000000E+01
 RMSBestFit> RR - U x M x U^T (should be 0):
 0.444089209850063E-14-0.222044604925031E-14 0.117683640610267E-13
-0.222044604925031E-14 0.000000000000000E+00-0.266453525910038E-14
 0.115463194561016E-13-0.244249065417534E-14-0.482947015711943E-14
 RMSBestFit> ROTATION MATRIX:
 0.760469744545060E+00 0.372884418938253E+00 0.531641775770729E+00
 0.228780697377364E+00 0.612361293539653E+00-0.756751636061641E+00
-0.607737739604099E+00 0.697116099575620E+00 0.380373479061535E+00
 RMSBestFitERRTOL:=   2.50000000000000008E-014
 RMSBestFit> RR matrix:
 0.55176757623060970203710E+01 0.38089502864691451300416E+01-0.11489386189793677761628E+01
 0.38089502864691451300416E+01 0.19948386120942025456770E+02 0.20521909537161597825161E+01
-0.11489386189793677761628E+01 0.20521909537161597825161E+01 0.70725842589970600027272E+00
 RMSBestFit> E-VALUES:
 0.210379529211846E+02 0.513487153298566E+01 0.495854977555027E-03
 RMSBestFit> E-VECTORS:
-0.231566599690239E+00-0.969121516063477E+00-0.847372232889953E-01
 0.924577342234513E+00-0.192157332638325E+00-0.328986774414851E+00
 0.302545282783362E+00-0.154528465391179E+00 0.940525015748854E+00
 RMSBestFit> U x U^T (should be I):
 0.100000000000000E+01-0.125310054216801E-15-0.912085077603431E-16
-0.125310054216801E-15 0.100000000000000E+01 0.289481980053630E-16
-0.912085077603431E-16 0.289481980053630E-16 0.100000000000000E+01
 RMSBestFit> RR - U x M x U^T (should be 0):
 0.355271367880050E-14-0.133226762955019E-14 0.932587340685131E-14
-0.133226762955019E-14 0.000000000000000E+00-0.177635683940025E-14
 0.954791801177635E-14-0.177635683940025E-14-0.521804821573824E-14
 RMSBestFit> ROTATION MATRIX:
 0.725563591515458E+00 0.410787147095507E+00 0.552097269010023E+00
 0.269132116045386E+00 0.568996200411512E+00-0.777052911988749E+00
-0.633344597182389E+00 0.712388407891648E+00 0.302286912587165E+00
 RMSBestFitERRTOL:=   2.50000000000000008E-014
 RMSBestFit> RR matrix:
 0.53087302211702880327948E+01 0.39548029164414555403084E+01-0.11316132367982236761605E+01
 0.39548029164414555403084E+01 0.19613374616550949269822E+02 0.30110114883606664548665E+01
-0.11316132367982236761605E+01 0.30110114883606664548665E+01 0.11339726645603247501271E+01
 RMSBestFit> E-VALUES:
 0.209867162089269E+02 0.506804943509403E+01 0.131185826064621E-02
 RMSBestFit> E-VECTORS:
-0.233402060111728E+00-0.963270268266867E+00-0.132792577385480E+00
 0.906571213396748E+00-0.166181266233906E+00-0.387959304300392E+00
 0.351642024473683E+00-0.210936428873661E+00 0.912060145822674E+00
 RMSBestFit> U x U^T (should be I):
 0.100000000000000E+01-0.558431881465815E-16 0.581945516081595E-16
-0.558431881465815E-16 0.100000000000000E+01-0.306287113727155E-17
 0.581945516081595E-16-0.306287113727155E-17 0.100000000000000E+01
 RMSBestFit> RR - U x M x U^T (should be 0):
 0.355271367880050E-14-0.222044604925031E-14 0.910382880192628E-14
-0.133226762955019E-14 0.355271367880050E-14-0.888178419700125E-15
 0.910382880192628E-14-0.888178419700125E-15-0.710542735760100E-14
 RMSBestFit> ROTATION MATRIX:
 0.688653880261422E+00 0.449041412524735E+00 0.569313308327391E+00
 0.311795936829296E+00 0.525474078654059E+00-0.791618775951790E+00
-0.654628999493323E+00 0.722660918066322E+00 0.221860475348613E+00
 RMSBestFitERRTOL:=   2.50000000000000008E-014
 RMSBestFit> RR matrix:
 0.50954100018042414177444E+01 0.41232178600802704693251E+01-0.10761157529782487962677E+01
 0.41232178600802704693251E+01 0.19148276802191336543046E+02 0.38964303592404059273235E+01
-0.10761157529782487962677E+01 0.38964303592404059273235E+01 0.16677647692537249657363E+01
 RMSBestFit> E-VALUES:
 0.209057655904026E+02 0.500323358740028E+01 0.245239544640402E-02
 RMSBestFit> E-VECTORS:
-0.236726615230375E+00-0.954732626538767E+00-0.180128069617028E+00
 0.885543221722494E+00-0.135749234449124E+00-0.444280708345323E+00
 0.399717040045724E+00-0.264684259390059E+00 0.877592462779974E+00
 RMSBestFit> U x U^T (should be I):
 0.100000000000000E+01-0.879423487157305E-16-0.425820403243682E-16
-0.879423487157305E-16 0.100000000000000E+01 0.591567810362403E-16
-0.425820403243682E-16 0.591567810362403E-16 0.100000000000000E+01
 RMSBestFit> RR - U x M x U^T (should be 0):
 0.177635683940025E-14-0.266453525910038E-14 0.599520433297585E-14
-0.177635683940025E-14 0.000000000000000E+00-0.444089209850063E-15
 0.621724893790088E-14 0.000000000000000E+00-0.577315972805081E-14
 RMSBestFit> ROTATION MATRIX:
 0.649717758887013E+00 0.487627390337133E+00 0.583169239569299E+00
 0.356475567702820E+00 0.482130584854644E+00-0.800296987860551E+00
-0.671410458227893E+00 0.727852751139072E+00 0.139421552284770E+00
 RMSBestFitERRTOL:=   2.50000000000000008E-014
 RMSBestFit> RR matrix:
 0.48866347553075941689826E+01 0.43098302488650199748577E+01-0.98022664320644925517456E+00
 0.43098302488650199748577E+01 0.18561938537453560371659E+02 0.46908427938221075592651E+01
-0.98022664320644925517456E+00 0.46908427938221075592651E+01 0.22928558238366836263822E+01
 RMSBestFit> E-VALUES:
 0.207918234448900E+02 0.494580499465295E+01 0.380067705486766E-02
 RMSBestFit> E-VECTORS:
-0.241718515055621E+00-0.943552796142181E+00-0.226451496730708E+00
 0.861543089013314E+00-0.101316668992005E+00-0.497472047815514E+00
 0.446447830381895E+00-0.315345926684707E+00 0.837401505414614E+00
 RMSBestFit> U x U^T (should be I):
 0.100000000000000E+01-0.519061790077435E-16 0.280266261587503E-16
-0.519061790077435E-16 0.100000000000000E+01 0.609592671479975E-16
 0.280266261587503E-16 0.609592671479975E-16 0.100000000000000E+01
 RMSBestFit> RR - U x M x U^T (should be 0):
 0.177635683940025E-14-0.266453525910038E-14 0.388578058618805E-14
-0.266453525910038E-14 0.000000000000000E+00 0.000000000000000E+00
 0.410782519111308E-14 0.888178419700125E-15-0.355271367880050E-14
 RMSBestFit> ROTATION MATRIX:
 0.609172808084547E+00 0.526130637885419E+00 0.593375969995981E+00
 0.402711177825280E+00 0.439349578802851E+00-0.802991690405532E+00
-0.683178012779220E+00 0.728119838683194E+00 0.557611277772927E-01
 RMSBestFitERRTOL:=   2.50000000000000008E-014
 RMSBestFit> RR matrix:
 0.46906247564830119145540E+01 0.45045111451996104889872E+01-0.84212851076708827857686E+00
 0.45045111451996104889872E+01 0.17849380612566719150891E+02 0.53822219892055445100709E+01
-0.84212851076708827857686E+00 0.53822219892055445100709E+01 0.29939029270946329042147E+01
 RMSBestFit> E-VALUES:
 0.206271243758105E+02 0.490140223522844E+01 0.538168510539570E-02
 RMSBestFit> E-VECTORS:
-0.248416282861686E+00-0.929705967079949E+00-0.271912054137213E+00
 0.834881846831527E+00-0.631580810328923E-01-0.546793707563850E+00
 0.491183929134862E+00-0.362846898259002E+00 0.791884130528867E+00
 RMSBestFit> U x U^T (should be I):
 0.100000000000000E+01-0.454687286086108E-16-0.864380182014068E-16
-0.454687286086108E-16 0.100000000000000E+01 0.931058615621927E-16
-0.864380182014068E-16 0.931058615621927E-16 0.100000000000000E+01
 RMSBestFit> RR - U x M x U^T (should be 0):
 0.888178419700125E-15-0.266453525910038E-14 0.377475828372553E-14
-0.266453525910038E-14 0.355271367880050E-14 0.000000000000000E+00
 0.355271367880050E-14 0.000000000000000E+00-0.399680288865056E-14
 RMSBestFit> ROTATION MATRIX:
 0.567640220774846E+00 0.564090286539913E+00 0.599655508096110E+00
 0.450192551011623E+00 0.397147757395134E+00-0.799750164619967E+00
-0.689283139770829E+00 0.723930802927556E+00-0.285122044102719E-01
 RMSBestFitERRTOL:=   2.50000000000000008E-014
 RMSBestFit> RR matrix:
 0.45286036799563005317282E+01 0.46895962857606763307672E+01-0.66828559263295217451883E+00
 0.46895962857606763307672E+01 0.16996184954529450550353E+02 0.59557312682217036226007E+01
-0.66828559263295217451883E+00 0.59557312682217036226007E+01 0.37521960727626995080186E+01
 RMSBestFit> E-VALUES:
 0.203807605304078E+02 0.488890417977128E+01 0.731999706932469E-02
 RMSBestFit> E-VECTORS:
-0.256774007389694E+00-0.913102273511642E+00-0.316719666640561E+00
 0.806857458738520E+00-0.221338473093909E-01-0.590331376500777E+00
 0.532022697266813E+00-0.407129378590093E+00 0.742426776646552E+00
 RMSBestFit> U x U^T (should be I):
 0.100000000000000E+01-0.266307158616752E-16-0.612574227454310E-16
-0.266307158616752E-16 0.100000000000000E+01 0.897719398817998E-16
-0.612574227454310E-16 0.897719398817998E-16 0.100000000000000E+01
 RMSBestFit> RR - U x M x U^T (should be 0):
 0.888178419700125E-15-0.266453525910038E-14 0.321964677141295E-14
-0.266453525910038E-14-0.355271367880050E-14-0.888178419700125E-15
 0.310862446895044E-14-0.888178419700125E-15-0.266453525910038E-14
 RMSBestFit> ROTATION MATRIX:
 0.527659874556320E+00 0.599529677166229E+00 0.601780045348934E+00
 0.498162940415085E+00 0.355417297846413E+00-0.790893310876094E+00
-0.688047048958285E+00 0.717107182078461E+00-0.111124020046451E+00
 RMSBestFitERRTOL:=   2.50000000000000008E-014
 RMSBestFit> RR matrix:
 0.44250665959875794541745E+01 0.48316841590469321587875E+01-0.48112580602206633795248E+00
